0 0
3278115 1
3280765 2
3284510 3
3289740 4
3290915 5
3291100 6
3297320 7
3306295 8
3306310 9
3306320 10
3306325 11
3306385 12
3310155 13
3311420 14
3311455 15
3311580 16
3316680 17
3316695 18
3317880 19
3317895 20
3317900 21
3317905 22
3317910 23
3317920 24
3320330 25
3320340 26
3321735 27
3323005 28
3329345 29
3329355 30
3332040 31
3338445 32
3339635 33
3339690 34
3339755 35
3474723 36
3474728 37
3474733 38
3474933 39
3475978 40
3477298 41
3477393 42
3477398 43
3477418 44
3477428 45
3477433 46
3477453 47
3478543 48
3478548 49
3478638 50
3480033 51
3481093 52
3483853 53
3483863 54
3483868 55
3483873 56
3483878 57
3483883 58
3483888 59
3483893 60
3484933 61
3484938 62
3484943 63
3484948 64
3484953 65
3484958 66
3484963 67
3484968 68
3484973 69
3484978 70
3484983 71
3484988 72
3484993 73
3484998 74
3485003 75
3485008 76
3485013 77
3485018 78
3485023 79
3485028 80
3485033 81
3485038 82
3485043 83
3485048 84
3485053 85
3485058 86
3485063 87
3485068 88
3485073 89
3485078 90
3485083 91
3485088 92
3485093 93
3485098 94
3485103 95
3485108 96
3485113 97
3485118 98
3485123 99
3485128 100
3485133 101
3485138 102
3485143 103
3485148 104
3485153 105
3485158 106
3485163 107
3485168 108
3485173 109
3486213 110
3486218 111
3486223 112
3486228 113
3486233 114
3486238 115
3486243 116
3486248 117
3486253 118
3486258 119
3486263 120
3486268 121
3486273 122
3486278 123
3486283 124
3486288 125
3486293 126
3486298 127
3486303 128
3486308 129
3486313 130
3486318 131
3486323 132
3486328 133
3486333 134
3486338 135
3486343 136
3486348 137
3486353 138
3486358 139
3486363 140
3486368 141
3486373 142
3486378 143
3486383 144
3486388 145
3486393 146
3486398 147
3486403 148
3486408 149
3486413 150
3486418 151
3486423 152
3486428 153
3486433 154
3486438 155
3486443 156
3486448 157
3486453 158
3487493 159
3487498 160
3487503 161
3487508 162
3487513 163
3487518 164
3487523 165
3487528 166
3487533 167
3487538 168
3487543 169
3487548 170
3487553 171
3487558 172
3487563 173
3487568 174
3487573 175
3487578 176
3487583 177
3487588 178
3487593 179
3487598 180
3487603 181
3487608 182
3487613 183
3487618 184
3487623 185
3487628 186
3487633 187
3487638 188
3487643 189
3487648 190
3487653 191
3487658 192
3487663 193
3487668 194
3487673 195
3487678 196
3487683 197
3487688 198
3487693 199
3487698 200
3487703 201
3487708 202
3487713 203
3487718 204
3487723 205
3487728 206
3487733 207
3488773 208
3488778 209
3488783 210
3488788 211
3488793 212
3488798 213
3488803 214
3488808 215
3488813 216
3488818 217
3488823 218
3488828 219
3488833 220
3488838 221
3488843 222
3488848 223
3488853 224
3488858 225
3488863 226
3488868 227
3488873 228
3488878 229
3488883 230
3488888 231
3488893 232
3488898 233
3488903 234
3488908 235
3488913 236
3488918 237
3488923 238
3488928 239
3488933 240
3488938 241
3488943 242
3488948 243
3488953 244
3488958 245
3488963 246
3488968 247
3488973 248
3488978 249
3488983 250
3488988 251
3488993 252
3488998 253
3489003 254
3489008 255
3489013 256
3490053 257
3490058 258
3490063 259
3490068 260
3490073 261
3490078 262
3490083 263
3490088 264
3490093 265
3490098 266
3490103 267
3490108 268
3490113 269
3490118 270
3490123 271
3490128 272
3490133 273
3490138 274
3490143 275
3490148 276
3490153 277
3490158 278
3490163 279
3490168 280
3490173 281
3490178 282
3490183 283
3490188 284
3490193 285
3490198 286
3490203 287
3490208 288
3490213 289
3490218 290
3490223 291
3490228 292
3490233 293
3490238 294
3490243 295
3490248 296
3490253 297
3490258 298
3490263 299
3490268 300
3490273 301
3490278 302
3490283 303
3490288 304
3490293 305
3491333 306
3491338 307
3491343 308
3491348 309
3491353 310
3491358 311
3491363 312
3491368 313
3491373 314
3491378 315
3491383 316
3491388 317
3491393 318
3491398 319
3491403 320
3491408 321
3491413 322
3491418 323
3491423 324
3491428 325
3491433 326
3491438 327
3491443 328
3491448 329
3491453 330
3491458 331
3491463 332
3491468 333
3491473 334
3491478 335
3491483 336
3491488 337
3491493 338
3491498 339
3491503 340
3491508 341
3491513 342
3491518 343
3491523 344
3491528 345
3491533 346
3491538 347
3491543 348
3491548 349
3491553 350
3491558 351
3491563 352
3491568 353
3491573 354
3492613 355
3492618 356
3492623 357
3492628 358
3492633 359
3492638 360
3492643 361
3492648 362
3492653 363
3492658 364
3492663 365
3492668 366
3492673 367
3492678 368
3492683 369
3492688 370
3492693 371
3492698 372
3492703 373
3492708 374
3492713 375
3492718 376
3492723 377
3492728 378
3492733 379
3492738 380
3492743 381
3492748 382
3492753 383
3492758 384
3492763 385
3492768 386
3492773 387
3492778 388
3492783 389
3492788 390
3492793 391
3492798 392
3492803 393
3492808 394
3492813 395
3492818 396
3492823 397
3492828 398
3492833 399
3492838 400
3492843 401
3492848 402
3492853 403
3493893 404
3493898 405
3493903 406
3493908 407
3493913 408
3493918 409
3493923 410
3493928 411
3493933 412
3493938 413
3493943 414
3493948 415
3493953 416
3493958 417
3493963 418
3493968 419
3493973 420
3493978 421
3493983 422
3493988 423
3493993 424
3493998 425
3494003 426
3494008 427
3494013 428
3494018 429
3494023 430
3494028 431
3494033 432
3494038 433
3494043 434
3494048 435
3494053 436
3494058 437
3494063 438
3494068 439
3494073 440
3494078 441
3494083 442
3494088 443
3494093 444
3494098 445
3494103 446
3494108 447
3494113 448
3494118 449
3494123 450
3494128 451
3494133 452
3495173 453
3495178 454
3495183 455
3495188 456
3495193 457
3495198 458
3495203 459
3495208 460
3495213 461
3495218 462
3495223 463
3495228 464
3495233 465
3495238 466
3495243 467
3495248 468
3495253 469
3495258 470
3495263 471
3495268 472
3495273 473
3495278 474
3495283 475
3495288 476
3495293 477
3495298 478
3495303 479
3495308 480
3495313 481
3495318 482
3495323 483
3495328 484
3495333 485
3495338 486
3495343 487
3495348 488
3495353 489
3495358 490
3495363 491
3495368 492
3495373 493
3495378 494
3495383 495
3495388 496
3495393 497
3495398 498
3495403 499
3495408 500
3495413 501
3496453 502
3496458 503
3496463 504
3496468 505
3496473 506
3496478 507
3496483 508
3496488 509
3496493 510
3496498 511
3496503 512
3496508 513
3496513 514
3496518 515
3496523 516
3496528 517
3496533 518
3496538 519
3496543 520
3496548 521
3496553 522
3496558 523
3496563 524
3496568 525
3496573 526
3496578 527
3496583 528
3496588 529
3496593 530
3496598 531
3496603 532
3496608 533
3496613 534
3496618 535
3496623 536
3496628 537
3496633 538
3496638 539
3496643 540
3496648 541
3496653 542
3496658 543
3496663 544
3496668 545
3496673 546
3496678 547
3496683 548
3496688 549
3496693 550
3497733 551
3497738 552
3497743 553
3497748 554
3497753 555
3497758 556
3497763 557
3497768 558
3497773 559
3497778 560
3497783 561
3497788 562
3497793 563
3497798 564
3497803 565
3497808 566
3497813 567
3497818 568
3497823 569
3497828 570
3497833 571
3497838 572
3497843 573
3497848 574
3497853 575
3497858 576
3497863 577
3497868 578
3497873 579
3497878 580
3497883 581
3497888 582
3497893 583
3497898 584
3497903 585
3497908 586
3497913 587
3497918 588
3497923 589
3497928 590
3497933 591
3497938 592
3497943 593
3497948 594
3497953 595
3497958 596
3497963 597
3497968 598
3497973 599
3499013 600
3499018 601
3499023 602
3499028 603
3499033 604
3499038 605
3499043 606
3499048 607
3499053 608
3499058 609
3499063 610
3499068 611
3499073 612
3499078 613
3499083 614
3499088 615
3499093 616
3499098 617
3499103 618
3499108 619
3499113 620
3499118 621
3499123 622
3499128 623
3499133 624
3499138 625
3499143 626
3499148 627
3499153 628
3499158 629
3499163 630
3499168 631
3499173 632
3499178 633
3499183 634
3499188 635
3499193 636
3499198 637
3499203 638
3499208 639
3499213 640
3499218 641
3499223 642
3499228 643
3499233 644
3499238 645
3499243 646
3499248 647
3499253 648
3500293 649
3500298 650
3500303 651
3500308 652
3500313 653
3500318 654
3500323 655
3500328 656
3500333 657
3500338 658
3500343 659
3500348 660
3500353 661
3500358 662
3500363 663
3500368 664
3500373 665
3500378 666
3500383 667
3500388 668
3500393 669
3500398 670
3500403 671
3500408 672
3500413 673
3500418 674
3500423 675
3500428 676
3500433 677
3500438 678
3500443 679
3500448 680
3500453 681
3500458 682
3500463 683
3500468 684
3500473 685
3500478 686
3500483 687
3500488 688
3500493 689
3500498 690
3500503 691
3500508 692
3500513 693
3500518 694
3500523 695
3500528 696
3500533 697
3501573 698
3501578 699
3501583 700
3501588 701
3501593 702
3501598 703
3501603 704
3501608 705
3501613 706
3501618 707
3501623 708
3501628 709
3501633 710
3501638 711
3501643 712
3501648 713
3501653 714
3501658 715
3501663 716
3501668 717
3501673 718
3501678 719
3501683 720
3501688 721
3501693 722
3501698 723
3501703 724
3501708 725
3501713 726
3501718 727
3501723 728
3501728 729
3501733 730
3501738 731
3501743 732
3501748 733
3501753 734
3501758 735
3501763 736
3501768 737
3501773 738
3501778 739
3501783 740
3501788 741
3501793 742
3501798 743
3501803 744
3501808 745
3501813 746
3502853 747
3502858 748
3502863 749
3502868 750
3502873 751
3502878 752
3502883 753
3502888 754
3502893 755
3502898 756
3502903 757
3502908 758
3502913 759
3502918 760
3502923 761
3502928 762
3502933 763
3502938 764
3502943 765
3502948 766
3502953 767
3502958 768
3502963 769
3502968 770
3502973 771
3502978 772
3502983 773
3502988 774
3502993 775
3502998 776
3503003 777
3503008 778
3503013 779
3503018 780
3503023 781
3503028 782
3503033 783
3503038 784
3503043 785
3503048 786
3503053 787
3503058 788
3503063 789
3503068 790
3503073 791
3503078 792
3503083 793
3503088 794
3503093 795
3504133 796
3504138 797
3504143 798
3504148 799
3504153 800
3504158 801
3504163 802
3504168 803
3504173 804
3504178 805
3504183 806
3504188 807
3504193 808
3504198 809
3504203 810
3504208 811
3504213 812
3504218 813
3504223 814
3504228 815
3504233 816
3504238 817
3504243 818
3504248 819
3504253 820
3504258 821
3504263 822
3504268 823
3504273 824
3504278 825
3504283 826
3504288 827
3504293 828
3504298 829
3504303 830
3504308 831
3504313 832
3504318 833
3504323 834
3504328 835
3504333 836
3504338 837
3504343 838
3504348 839
3504353 840
3504358 841
3504363 842
3504368 843
3504373 844
3505413 845
3505418 846
3505423 847
3505428 848
3505433 849
3505438 850
3505443 851
3505448 852
3505453 853
3505458 854
3505463 855
3505468 856
3505473 857
3505478 858
3505483 859
3505488 860
3505493 861
3505498 862
3505503 863
3505508 864
3505513 865
3505518 866
3505523 867
3505528 868
3505533 869
3505538 870
3505543 871
3505548 872
3505553 873
3505558 874
3505563 875
3505568 876
3505573 877
3505578 878
3505583 879
3505588 880
3505593 881
3505598 882
3505603 883
3505608 884
3505613 885
3505618 886
3505623 887
3505628 888
3505633 889
3505638 890
3505643 891
3505648 892
3505653 893
3506693 894
3506698 895
3506703 896
3506708 897
3506713 898
3506718 899
3506723 900
3506728 901
3506733 902
3506738 903
3506743 904
3506748 905
3506753 906
3506758 907
3506763 908
3506768 909
3506773 910
3506778 911
3506783 912
3506788 913
3506793 914
3506798 915
3506803 916
3506808 917
3506813 918
3506818 919
3506823 920
3506828 921
3506833 922
3506838 923
3506843 924
3506848 925
3506853 926
3506858 927
3506863 928
3506868 929
3506873 930
3506878 931
3506883 932
3506888 933
3506893 934
3506898 935
3506903 936
3506908 937
3506913 938
3506918 939
3506923 940
3506928 941
3506933 942
3507973 943
3507978 944
3507983 945
3507988 946
3507993 947
3507998 948
3508003 949
3508008 950
3508013 951
3508018 952
3508023 953
3508028 954
3508033 955
3508038 956
3508043 957
3508048 958
3508053 959
3508058 960
3508063 961
3508068 962
3508073 963
3508078 964
3508083 965
3508088 966
3508093 967
3508098 968
3508103 969
3508108 970
3508113 971
3508118 972
3508123 973
3508128 974
3508133 975
3508138 976
3508143 977
3508148 978
3508153 979
3508158 980
3508163 981
3508168 982
3508173 983
3508178 984
3508183 985
3508188 986
3508193 987
3508198 988
3508203 989
3508208 990
3508213 991
3509253 992
3509258 993
3509263 994
3509268 995
3509273 996
3509278 997
3509283 998
3509288 999
3509293 1000
3509298 1001
3509303 1002
3509308 1003
3509313 1004
3509318 1005
3509323 1006
3509328 1007
3509333 1008
3509338 1009
3509343 1010
3509348 1011
3509353 1012
3509358 1013
3509363 1014
3509368 1015
3509373 1016
3509378 1017
3509383 1018
3509388 1019
3509393 1020
3509398 1021
3509403 1022
3509408 1023
3509413 1024
3509418 1025
3509423 1026
3509428 1027
3509433 1028
3509438 1029
3509443 1030
3509448 1031
3509453 1032
3509458 1033
3509463 1034
3509468 1035
3509473 1036
3509478 1037
3509483 1038
3509488 1039
3509493 1040
3510533 1041
3510538 1042
3510543 1043
3510548 1044
3510553 1045
3510558 1046
3510563 1047
3510568 1048
3510573 1049
3510578 1050
3510583 1051
3510588 1052
3510593 1053
3510598 1054
3510603 1055
3510608 1056
3510613 1057
3510618 1058
3510623 1059
3510628 1060
3510633 1061
3510638 1062
3510643 1063
3510648 1064
3510653 1065
3510658 1066
3510663 1067
3510668 1068
3510673 1069
3510678 1070
3510683 1071
3510688 1072
3510693 1073
3510698 1074
3510703 1075
3510708 1076
3510713 1077
3510718 1078
3510723 1079
3510728 1080
3510733 1081
3510738 1082
3510743 1083
3510748 1084
3510753 1085
3510758 1086
3510763 1087
3510768 1088
3510773 1089
3511813 1090
3511818 1091
3511823 1092
3511828 1093
3511833 1094
3511838 1095
3511843 1096
3511848 1097
3511853 1098
3511858 1099
3511863 1100
3511868 1101
3511873 1102
3511878 1103
3511883 1104
3511888 1105
3511893 1106
3511898 1107
3511903 1108
3511908 1109
3511913 1110
3511918 1111
3511923 1112
3511928 1113
3511933 1114
3511938 1115
3511943 1116
3511948 1117
3511953 1118
3511958 1119
3511963 1120
3511968 1121
3511973 1122
3511978 1123
3511983 1124
3511988 1125
3511993 1126
3511998 1127
3512003 1128
3512008 1129
3512013 1130
3512018 1131
3512023 1132
3512028 1133
3512033 1134
3512038 1135
3512043 1136
3512048 1137
3512053 1138
3513093 1139
3513098 1140
3513103 1141
3513108 1142
3513113 1143
3513118 1144
3513123 1145
3513128 1146
3513133 1147
3513138 1148
3513143 1149
3513148 1150
3513153 1151
3513158 1152
3513163 1153
3513168 1154
3513173 1155
3513178 1156
3513183 1157
3513188 1158
3513193 1159
3513198 1160
3513203 1161
3513208 1162
3513213 1163
3513218 1164
3513223 1165
3513228 1166
3513233 1167
3513238 1168
3513243 1169
3513248 1170
3513253 1171
3513258 1172
3513263 1173
3513268 1174
3513273 1175
3513278 1176
3513283 1177
3513288 1178
3513293 1179
3513298 1180
3513303 1181
3513308 1182
3513313 1183
3513318 1184
3513323 1185
3513328 1186
3513333 1187
3514373 1188
3514378 1189
3514383 1190
3514388 1191
3514393 1192
3514398 1193
3514403 1194
3514408 1195
3514413 1196
3514418 1197
3514423 1198
3514428 1199
3514433 1200
3514438 1201
3514443 1202
3514448 1203
3514453 1204
3514458 1205
3514463 1206
3514468 1207
3514473 1208
3514478 1209
3514483 1210
3514488 1211
3514493 1212
3514498 1213
3514503 1214
3514508 1215
3514513 1216
3514518 1217
3514523 1218
3514528 1219
3514533 1220
3514538 1221
3514543 1222
3514548 1223
3514553 1224
3514558 1225
3514563 1226
3514568 1227
3514573 1228
3514578 1229
3514583 1230
3514588 1231
3514593 1232
3514598 1233
3514603 1234
3514608 1235
3514613 1236
3515653 1237
3515658 1238
3515663 1239
3515668 1240
3515673 1241
3515678 1242
3515683 1243
3515688 1244
3515693 1245
3515698 1246
3515703 1247
3515708 1248
3515713 1249
3515718 1250
3515723 1251
3515728 1252
3515733 1253
3515738 1254
3515743 1255
3515748 1256
3515753 1257
3515758 1258
3515763 1259
3515768 1260
3515773 1261
3515778 1262
3515783 1263
3515788 1264
3515793 1265
3515798 1266
3515803 1267
3515808 1268
3515813 1269
3515818 1270
3515823 1271
3515828 1272
3515833 1273
3515838 1274
3515843 1275
3515848 1276
3515853 1277
3515858 1278
3515863 1279
3515868 1280
3515873 1281
3515878 1282
3515883 1283
3515888 1284
3515893 1285
3516933 1286
3516938 1287
3516943 1288
3516948 1289
3516953 1290
3516958 1291
3516963 1292
3516968 1293
3516973 1294
3516978 1295
3516983 1296
3516988 1297
3516993 1298
3516998 1299
3517003 1300
3517008 1301
3517013 1302
3517018 1303
3517023 1304
3517028 1305
3517033 1306
3517038 1307
3517043 1308
3517048 1309
3517053 1310
3517058 1311
3517063 1312
3517068 1313
3517073 1314
3517078 1315
3517083 1316
3517088 1317
3517093 1318
3517098 1319
3517103 1320
3517108 1321
3517113 1322
3517118 1323
3517123 1324
3517128 1325
3517133 1326
3517138 1327
3517143 1328
3517148 1329
3517153 1330
3517158 1331
3517163 1332
3517168 1333
3517173 1334
3518213 1335
3518218 1336
3518223 1337
3518228 1338
3518233 1339
3518238 1340
3518243 1341
3518248 1342
3518253 1343
3518258 1344
3518263 1345
3518268 1346
3518273 1347
3518278 1348
3518283 1349
3518288 1350
3518293 1351
3518298 1352
3518303 1353
3518308 1354
3518313 1355
3518318 1356
3518323 1357
3518328 1358
3518333 1359
3518338 1360
3518343 1361
3518348 1362
3518353 1363
3518358 1364
3518363 1365
3518368 1366
3518373 1367
3518378 1368
3518383 1369
3518388 1370
3518393 1371
3518398 1372
3518403 1373
3518408 1374
3518413 1375
3518418 1376
3518423 1377
3518428 1378
3518433 1379
3518438 1380
3518443 1381
3518448 1382
3518453 1383
3519493 1384
3519498 1385
3519503 1386
3519508 1387
3519513 1388
3519518 1389
3519523 1390
3519528 1391
3519533 1392
3519538 1393
3519543 1394
3519548 1395
3519553 1396
3519558 1397
3519563 1398
3519568 1399
3519573 1400
3519578 1401
3519583 1402
3519588 1403
3519593 1404
3519598 1405
3519603 1406
3519608 1407
3519613 1408
3519618 1409
3519623 1410
3519628 1411
3519633 1412
3519638 1413
3519643 1414
3519648 1415
3519653 1416
3519658 1417
3519663 1418
3519668 1419
3519673 1420
3519678 1421
3519683 1422
3519688 1423
3519693 1424
3519698 1425
3519703 1426
3519708 1427
3519713 1428
3519718 1429
3519723 1430
3519728 1431
3519733 1432
3520773 1433
3520778 1434
3520783 1435
3520788 1436
3520793 1437
3520798 1438
3520803 1439
3520808 1440
3520813 1441
3520818 1442
3520823 1443
3520828 1444
3520833 1445
3520838 1446
3520843 1447
3520848 1448
3520853 1449
3520858 1450
3520863 1451
3520868 1452
3520873 1453
3520878 1454
3520883 1455
3520888 1456
3520893 1457
3520898 1458
3520903 1459
3520908 1460
3520913 1461
3520918 1462
3520923 1463
3520928 1464
3520933 1465
3520938 1466
3520943 1467
3520948 1468
3520953 1469
3520958 1470
3520963 1471
3520968 1472
3520973 1473
3520978 1474
3520983 1475
3520988 1476
3520993 1477
3520998 1478
3521003 1479
3521008 1480
3521013 1481
3522053 1482
3522058 1483
3522063 1484
3522068 1485
3522073 1486
3522078 1487
3522083 1488
3522088 1489
3522093 1490
3522098 1491
3522103 1492
3522108 1493
3522113 1494
3522118 1495
3522123 1496
3522128 1497
3522133 1498
3522138 1499
3522143 1500
3522148 1501
3522153 1502
3522158 1503
3522163 1504
3522168 1505
3522173 1506
3522178 1507
3522183 1508
3522188 1509
3522193 1510
3522198 1511
3522203 1512
3522208 1513
3522213 1514
3522218 1515
3522223 1516
3522228 1517
3522233 1518
3522238 1519
3522243 1520
3522248 1521
3522253 1522
3522258 1523
3522263 1524
3522268 1525
3522273 1526
3522278 1527
3522283 1528
3522288 1529
3522293 1530
3523333 1531
3523338 1532
3523343 1533
3523348 1534
3523353 1535
3523358 1536
3523363 1537
3523368 1538
3523373 1539
3523378 1540
3523383 1541
3523388 1542
3523393 1543
3523398 1544
3523403 1545
3523408 1546
3523413 1547
3523418 1548
3523423 1549
3523428 1550
3523433 1551
3523438 1552
3523443 1553
3523448 1554
3523453 1555
3523458 1556
3523463 1557
3523468 1558
3523473 1559
3523478 1560
3523483 1561
3523488 1562
3523493 1563
3523498 1564
3523503 1565
3523508 1566
3523513 1567
3523518 1568
3523523 1569
3523528 1570
3523533 1571
3523538 1572
3523543 1573
3523548 1574
3523553 1575
3523558 1576
3523563 1577
3523568 1578
3523573 1579
3524613 1580
3524618 1581
3524623 1582
3524628 1583
3524633 1584
3524638 1585
3524643 1586
3524648 1587
3524653 1588
3524658 1589
3524663 1590
3524668 1591
3524673 1592
3524678 1593
3524683 1594
3524688 1595
3524693 1596
3524698 1597
3524703 1598
3524708 1599
3524713 1600
3524718 1601
3524723 1602
3524728 1603
3524733 1604
3524738 1605
3524743 1606
3524748 1607
3524753 1608
3524758 1609
3524763 1610
3524768 1611
3524773 1612
3524778 1613
3524783 1614
3524788 1615
3524793 1616
3524798 1617
3524803 1618
3524808 1619
3524813 1620
3524818 1621
3524823 1622
3524828 1623
3524833 1624
3524838 1625
3524843 1626
3524848 1627
3524853 1628
3525893 1629
3525898 1630
3525903 1631
3525908 1632
3525913 1633
3525918 1634
3525923 1635
3525928 1636
3525933 1637
3525938 1638
3525943 1639
3525948 1640
3525953 1641
3525958 1642
3525963 1643
3525968 1644
3525973 1645
3525978 1646
3525983 1647
3525988 1648
3525993 1649
3525998 1650
3526003 1651
3526008 1652
3526013 1653
3526018 1654
3526023 1655
3526028 1656
3526033 1657
3526038 1658
3526043 1659
3526048 1660
3526053 1661
3526058 1662
3526063 1663
3526068 1664
3526073 1665
3526078 1666
3526083 1667
3526088 1668
3526093 1669
3526098 1670
3526103 1671
3526108 1672
3526113 1673
3526118 1674
3526123 1675
3526128 1676
3526133 1677
3527173 1678
3527178 1679
3527183 1680
3527188 1681
3527193 1682
3527198 1683
3527203 1684
3527208 1685
3527213 1686
3527218 1687
3527223 1688
3527228 1689
3527233 1690
3527238 1691
3527243 1692
3527248 1693
3527253 1694
3527258 1695
3527263 1696
3527268 1697
3527273 1698
3527278 1699
3527283 1700
3527288 1701
3527293 1702
3527298 1703
3527303 1704
3527308 1705
3527313 1706
3527318 1707
3527323 1708
3527328 1709
3527333 1710
3527338 1711
3527343 1712
3527348 1713
3527353 1714
3527358 1715
3527363 1716
3527368 1717
3527373 1718
3527378 1719
3527383 1720
3527388 1721
3527393 1722
3527398 1723
3527403 1724
3527408 1725
3527413 1726
3528453 1727
3528458 1728
3528463 1729
3528468 1730
3528473 1731
3528478 1732
3528483 1733
3528488 1734
3528493 1735
3528498 1736
3528503 1737
3528508 1738
3528513 1739
3528518 1740
3528523 1741
3528528 1742
3528533 1743
3528538 1744
3528543 1745
3528548 1746
3528553 1747
3528558 1748
3528563 1749
3528568 1750
3528573 1751
3528578 1752
3528583 1753
3528588 1754
3528593 1755
3528598 1756
3528603 1757
3528608 1758
3528613 1759
3528618 1760
3528623 1761
3528628 1762
3528633 1763
3528638 1764
3528643 1765
3528648 1766
3528653 1767
3528658 1768
3528663 1769
3528668 1770
3528673 1771
3528678 1772
3528683 1773
3528688 1774
3528693 1775
3529733 1776
3529738 1777
3529743 1778
3529748 1779
3529753 1780
3529758 1781
3529763 1782
3529768 1783
3529773 1784
3529778 1785
3529783 1786
3529788 1787
3529793 1788
3529798 1789
3529803 1790
3529808 1791
3529813 1792
3529818 1793
3529823 1794
3529828 1795
3529833 1796
3529838 1797
3529843 1798
3529848 1799
3529853 1800
3529858 1801
3529863 1802
3529868 1803
3529873 1804
3529878 1805
3529883 1806
3529888 1807
3529893 1808
3529898 1809
3529903 1810
3529908 1811
3529913 1812
3529918 1813
3529923 1814
3529928 1815
3529933 1816
3529938 1817
3529943 1818
3529948 1819
3529953 1820
3529958 1821
3529963 1822
3529968 1823
3529973 1824
3531013 1825
3531018 1826
3531023 1827
3531028 1828
3531033 1829
3531038 1830
3531043 1831
3531048 1832
3531053 1833
3531058 1834
3531063 1835
3531068 1836
3531073 1837
3531078 1838
3531083 1839
3531088 1840
3531093 1841
3531098 1842
3531103 1843
3531108 1844
3531113 1845
3531118 1846
3531123 1847
3531128 1848
3531133 1849
3531138 1850
3531143 1851
3531148 1852
3531153 1853
3531158 1854
3531163 1855
3531168 1856
3531173 1857
3531178 1858
3531183 1859
3531188 1860
3531193 1861
3531198 1862
3531203 1863
3531208 1864
3531213 1865
3531218 1866
3531223 1867
3531228 1868
3531233 1869
3531238 1870
3531243 1871
3531248 1872
3531253 1873
3532293 1874
3532298 1875
3532303 1876
3532308 1877
3532313 1878
3532318 1879
3532323 1880
3532328 1881
3532333 1882
3532338 1883
3532343 1884
3532348 1885
3532353 1886
3532358 1887
3532363 1888
3532368 1889
3532373 1890
3532378 1891
3532383 1892
3532388 1893
3532393 1894
3532398 1895
3532403 1896
3532408 1897
3532413 1898
3532418 1899
3532423 1900
3532428 1901
3532433 1902
3532438 1903
3532443 1904
3532448 1905
3532453 1906
3532458 1907
3532463 1908
3532468 1909
3532473 1910
3532478 1911
3532483 1912
3532488 1913
3532493 1914
3532498 1915
3532503 1916
3532508 1917
3532513 1918
3532518 1919
3532523 1920
3532528 1921
3532533 1922
3533573 1923
3533578 1924
3533583 1925
3533588 1926
3533593 1927
3533598 1928
3533603 1929
3533608 1930
3533613 1931
3533618 1932
3533623 1933
3533628 1934
3533633 1935
3533638 1936
3533643 1937
3533648 1938
3533653 1939
3533658 1940
3533663 1941
3533668 1942
3533673 1943
3533678 1944
3533683 1945
3533688 1946
3533693 1947
3533698 1948
3533703 1949
3533708 1950
3533713 1951
3533718 1952
3533723 1953
3533728 1954
3533733 1955
3533738 1956
3533743 1957
3533748 1958
3533753 1959
3533758 1960
3533763 1961
3533768 1962
3533773 1963
3533778 1964
3533783 1965
3533788 1966
3533793 1967
3533798 1968
3533803 1969
3533808 1970
3533813 1971
3534853 1972
3534858 1973
3534863 1974
3534868 1975
3534873 1976
3534878 1977
3534883 1978
3534888 1979
3534893 1980
3534898 1981
3534903 1982
3534908 1983
3534913 1984
3534918 1985
3534923 1986
3534928 1987
3534933 1988
3534938 1989
3534943 1990
3534948 1991
3534953 1992
3534958 1993
3534963 1994
3534968 1995
3534973 1996
3534978 1997
3534983 1998
3534988 1999
3534993 2000
3534998 2001
3535003 2002
3535008 2003
3535013 2004
3535018 2005
3535023 2006
3535028 2007
3535033 2008
3535038 2009
3535043 2010
3535048 2011
3535053 2012
3535058 2013
3535063 2014
3535068 2015
3535073 2016
3535078 2017
3535083 2018
3535088 2019
3535093 2020
3536133 2021
3536138 2022
3536143 2023
3536148 2024
3536153 2025
3536158 2026
3536163 2027
3536168 2028
3536173 2029
3536178 2030
3536183 2031
3536188 2032
3536193 2033
3536198 2034
3536203 2035
3536208 2036
3536213 2037
3536218 2038
3536223 2039
3536228 2040
3536233 2041
3536238 2042
3536243 2043
3536248 2044
3536253 2045
3536258 2046
3536263 2047
3536268 2048
3536273 2049
3536278 2050
3536283 2051
3536288 2052
3536293 2053
3536298 2054
3536303 2055
3536308 2056
3536313 2057
3536318 2058
3536323 2059
3536328 2060
3536333 2061
3536338 2062
3536343 2063
3536348 2064
3536353 2065
3536358 2066
3536363 2067
3536368 2068
3536373 2069
3671301 2070
3671306 2071
3671311 2072
3671316 2073
3671321 2074
3671326 2075
3671331 2076
3671336 2077
3671341 2078
3671346 2079
3671351 2080
3671356 2081
3671361 2082
3671366 2083
3671371 2084
3671376 2085
3671381 2086
3671386 2087
3671391 2088
3671396 2089
3671401 2090
3671406 2091
3671411 2092
3671416 2093
3671421 2094
3671426 2095
3671431 2096
3671436 2097
3671441 2098
3671446 2099
3671451 2100
3671456 2101
3671461 2102
3671466 2103
3671471 2104
3671476 2105
3671481 2106
3671486 2107
3671491 2108
3671496 2109
3671501 2110
3671506 2111
3671511 2112
3671516 2113
3671521 2114
3671526 2115
3671531 2116
3671536 2117
3671541 2118
3672581 2119
3672586 2120
3672591 2121
3672596 2122
3672601 2123
3672606 2124
3672611 2125
3672616 2126
3672621 2127
3672626 2128
3672631 2129
3672636 2130
3672641 2131
3672646 2132
3672651 2133
3672656 2134
3672661 2135
3672666 2136
3672671 2137
3672676 2138
3672681 2139
3672686 2140
3672691 2141
3672696 2142
3672701 2143
3672706 2144
3672711 2145
3672716 2146
3672721 2147
