0 0
6364 1
23394 2
57615 3
60798 4
150085 5
175434 6
176037 7
181106 8
199936 9
210177 10
212877 11
213559 12
247058 13
270776 14
288895 15
319083 16
320757 17
325851 18
353253 19
381759 20
437887 21
453785 22
498638 23
526846 24
531348 25
543518 26
543812 27
545929 28
564003 29
576434 30
580974 31
590030 32
610805 33
702863 34
709265 35
709540 36
765311 37
782213 38
810012 39
819088 40
824305 41
850422 42
884397 43
889520 44
912819 45
978590 46
995266 47
995626 48
999483 49
1008184 50
1009542 51
1019753 52
1071053 53
1085329 54
1119230 55
1167652 56
1225038 57
1238518 58
1294830 59
1314892 60
1327411 61
1352622 62
1366495 63
1395676 64
1407940 65
1440984 66
1464343 67
1479206 68
1490275 69
1497017 70
1523442 71
1549427 72
1654677 73
1663294 74
1668363 75
1673874 76
1702843 77
1717718 78
1739889 79
1772714 80
1817813 81
1829001 82
1874620 83
1875618 84
1889053 85
1895727 86
1912346 87
1912579 88
1985512 89
2072595 90
2102710 91
2113846 92
2126589 93
2131005 94
2131153 95
2138826 96
2174275 97
2203459 98
2213499 99
2219083 100
2262220 101
2264533 102
2277579 103
2305834 104
2326657 105
2332441 106
2348870 107
2359303 108
2405604 109
2424837 110
2490602 111
2514362 112
2516488 113
2527590 114
2542277 115
2576385 116
2583196 117
2587429 118
2596827 119
2597173 120
2601229 121
2634996 122
2663514 123
2715215 124
2728917 125
2733281 126
2766150 127
2802044 128
2827180 129
2847475 130
2854690 131
2871057 132
2903521 133
2925661 134
2927162 135
2929354 136
2996188 137
2998206 138
3014581 139
3082380 140
3110452 141
3116084 142
3141376 143
3152933 144
3181625 145
3204717 146
3233591 147
3244623 148
3253176 149
3262203 150
3305564 151
3311652 152
3320315 153
3325135 154
3370285 155
3412498 156
3417898 157
3433598 158
3544405 159
3578076 160
3595339 161
3650993 162
3685436 163
3750221 164
3798912 165
3861052 166
3873159 167
3896946 168
3903459 169
3926388 170
3999718 171
4026091 172
4030735 173
4067188 174
4069818 175
4153347 176
4184294 177
4234676 178
4252117 179
4266213 180
4309693 181
4338284 182
4372118 183
4384678 184
4400102 185
4453066 186
4462363 187
4482266 188
4491681 189
4523381 190
4555476 191
4566179 192
4569433 193
4604363 194
4606003 195
4616685 196
4630582 197
4646095 198
4647883 199
4664923 200
4665749 201
4671493 202
4673808 203
4689288 204
4777859 205
4799179 206
4801898 207
4811530 208
4817074 209
4817818 210
4858907 211
4863345 212
4890813 213
4898226 214
4910943 215
4935911 216
4936408 217
4936902 218
4940944 219
4971984 220
5027601 221
5035672 222
5039127 223
5046480 224
5111995 225
5138567 226
5147419 227
5151530 228
5205192 229
5217593 230
5241512 231
5242836 232
5284001 233
5286259 234
5315600 235
5345921 236
5386746 237
5395385 238
5442999 239
5475736 240
5510360 241
5514032 242
5553568 243
5569361 244
5580445 245
5589550 246
5615807 247
5620240 248
5700847 249
5731987 250
5751326 251
5766574 252
5787866 253
6013635 254
6037937 255
6041614 256
6046315 257
6056857 258
6063872 259
6118186 260
6131942 261
6179666 262
6189326 263
6215098 264
6279671 265
6287660 266
6309752 267
6460881 268
6489020 269
6504191 270
6509113 271
6561575 272
6610995 273
6613578 274
6643602 275
6649335 276
6658223 277
6728999 278
6730265 279
6791232 280
6881234 281
6946263 282
6990915 283
6996546 284
7035810 285
7052088 286
7132222 287
7144087 288
7154880 289
7162659 290
7170321 291
7211586 292
7228156 293
7249365 294
7253543 295
7254915 296
7292702 297
7308500 298
7333343 299
7339663 300
7366751 301
7375562 302
7430941 303
7497254 304
7549429 305
7551394 306
7595620 307
7609170 308
7650576 309
7666026 310
7674197 311
7680288 312
7680575 313
7707348 314
7725442 315
7744645 316
7827654 317
7868719 318
7892243 319
7946736 320
7969433 321
7973717 322
7985090 323
7996993 324
8016201 325
8020153 326
8023008 327
8048764 328
8057055 329
8062996 330
8108598 331
8112789 332
8116651 333
8123456 334
8125414 335
8129018 336
8174750 337
8175269 338
8196328 339
8228754 340
8273920 341
8350040 342
8403142 343
8437876 344
8526921 345
8540988 346
8548323 347
8553226 348
8562994 349
8569045 350
8581435 351
8606250 352
8726120 353
8730736 354
8749543 355
8761546 356
8767900 357
8777866 358
8787062 359
8792788 360
8818625 361
8841999 362
8874784 363
8892815 364
8906037 365
8945531 366
8980418 367
9021538 368
9022943 369
9041144 370
9076416 371
9102346 372
9107106 373
9149554 374
9169103 375
9169494 376
9170693 377
9216740 378
9282799 379
9283630 380
9289720 381
9310627 382
9324749 383
9396141 384
9436438 385
9512503 386
9560712 387
9562931 388
9600695 389
9628261 390
9629210 391
9632827 392
9645554 393
9719535 394
9747429 395
9750312 396
9782122 397
9784114 398
9811084 399
9811643 400
9818447 401
9820147 402
9847195 403
9852829 404
9870536 405
9878298 406
9883630 407
9884893 408
9902591 409
9903263 410
9965108 411
10002187 412
10005604 413
10026878 414
10058738 415
10058929 416
10064207 417
10103837 418
10104710 419
10112543 420
10137990 421
10146387 422
10164310 423
10183214 424
10206610 425
10216704 426
10230878 427
10281694 428
10288524 429
10385002 430
10395596 431
10409534 432
10439224 433
10459801 434
10488652 435
10493062 436
10522066 437
10549138 438
10601801 439
10637756 440
10665783 441
10677004 442
10705015 443
10728864 444
10731818 445
10745640 446
10750859 447
10800238 448
10889446 449
10973279 450
10982006 451
10996763 452
11051513 453
11068074 454
11077388 455
11108289 456
11123316 457
11136986 458
11161653 459
11175276 460
11176137 461
11214427 462
11260563 463
11324726 464
11363293 465
11371057 466
11410265 467
11418527 468
11421580 469
11502725 470
11554693 471
11561343 472
11561455 473
11642146 474
11647519 475
11647837 476
11657865 477
11667561 478
11685376 479
11693576 480
11723261 481
11739127 482
11743117 483
11763511 484
11786771 485
11787975 486
11789999 487
11875511 488
11885186 489
11957138 490
11966246 491
11972745 492
11998374 493
12020652 494
12060872 495
12086366 496
12116689 497
12158955 498
12203366 499
12207263 500
12245620 501
12252926 502
12291624 503
12310383 504
12371102 505
12378159 506
12380007 507
12385219 508
12404930 509
12415030 510
12434276 511
12434905 512
12485852 513
12493645 514
12506905 515
12536153 516
12572058 517
12577856 518
12682672 519
12689876 520
12748234 521
12763375 522
12780903 523
12816035 524
12832517 525
12871622 526
12906613 527
12910727 528
12958419 529
12965337 530
13022185 531
13026292 532
13061705 533
13103964 534
13142750 535
13164169 536
13165124 537
13171812 538
13235093 539
13250309 540
13252825 541
13268351 542
13289735 543
13316278 544
13413520 545
13457974 546
13458949 547
13522410 548
13536838 549
13545290 550
13552287 551
13561967 552
13575036 553
13581511 554
13625816 555
13627766 556
13663787 557
13678685 558
13730783 559
13743558 560
13759183 561
13792649 562
13808428 563
13837615 564
13877006 565
13893522 566
13916954 567
13917067 568
13954961 569
13959251 570
13974664 571
13978665 572
13982792 573
14003903 574
14009246 575
14015053 576
14017347 577
14036513 578
14064916 579
14073178 580
14107123 581
14107593 582
14151535 583
14160619 584
14181127 585
14189518 586
14190848 587
14198842 588
14208832 589
14223933 590
14269518 591
14312345 592
14330348 593
14336072 594
14339301 595
14343754 596
14353177 597
14355049 598
14356993 599
14371602 600
14384955 601
14414539 602
14486186 603
14543264 604
14609565 605
14641169 606
14665141 607
14667266 608
14702863 609
14708337 610
14712810 611
14734180 612
14758763 613
14780185 614
14792991 615
14817755 616
14832907 617
14837073 618
14862318 619
14866436 620
14956803 621
14974364 622
14995550 623
15067389 624
15067545 625
15082052 626
15090153 627
15093644 628
15102510 629
15102568 630
15139030 631
15187198 632
15234898 633
15250459 634
15251280 635
15251388 636
15260258 637
15278895 638
15333752 639
15389971 640
15394374 641
15425435 642
15441351 643
15451584 644
15455566 645
15480518 646
15481639 647
15618964 648
15654742 649
15703719 650
15705344 651
15817148 652
15891947 653
15894739 654
15908759 655
15918523 656
15936857 657
15946266 658
15985673 659
16093211 660
16101439 661
16132747 662
16158626 663
16175272 664
16179482 665
16247824 666
16252359 667
16259523 668
16272330 669
16278899 670
16325425 671
16327790 672
16328129 673
16350436 674
16352135 675
16381584 676
16387858 677
16392621 678
16393228 679
16395957 680
16396044 681
16416396 682
16442592 683
16589510 684
16600464 685
16620753 686
16669188 687
16705451 688
16710611 689
16730133 690
16740108 691
