0 0
3278090 1
3278100 2
3278115 3
3278120 4
3278135 5
3278150 6
3278155 7
3278160 8
3278165 9
3278175 10
3278180 11
3278185 12
3278195 13
3278205 14
3278215 15
3278225 16
3278230 17
3278235 18
3278245 19
3278255 20
3278260 21
3278265 22
3278280 23
3279365 24
3279380 25
3279385 26
3279390 27
3279430 28
3279450 29
3279455 30
3279460 31
3279465 32
3279470 33
3279475 34
3279485 35
3279490 36
3279500 37
3279515 38
3280805 39
3280815 40
3280820 41
3280825 42
3281960 43
3281975 44
3283215 45
3285785 46
3285800 47
3285830 48
3285850 49
3285860 50
3285865 51
3285885 52
3285895 53
3285910 54
3285925 55
3287205 56
3287260 57
3288385 58
3288485 59
3288490 60
3288500 61
3288505 62
3288510 63
3288520 64
3288530 65
3289615 66
3289630 67
3289650 68
3289660 69
3289665 70
3289670 71
3289680 72
3289725 73
3289735 74
3289820 75
3289825 76
3290960 77
3290970 78
3290980 79
3291000 80
3291010 81
3291015 82
3291020 83
3291025 84
3291035 85
3291060 86
3292190 87
3292195 88
3292200 89
3292210 90
3292215 91
3292225 92
3292230 93
3292235 94
3292245 95
3292260 96
3292275 97
3292285 98
3292290 99
3292295 100
3292300 101
3292310 102
3292320 103
3292335 104
3292340 105
3292345 106
3292350 107
3292355 108
3292360 109
3292370 110
3292380 111
3292385 112
3292390 113
3293445 114
3293455 115
3293460 116
3293470 117
3293490 118
3293505 119
3293510 120
3293515 121
3293520 122
3293525 123
3293530 124
3293590 125
3293595 126
3293650 127
3293655 128
3293660 129
3293665 130
3294725 131
3294730 132
3294735 133
3294740 134
3294750 135
3294805 136
3294850 137
3294860 138
3294865 139
3294870 140
3294875 141
3294885 142
3294895 143
3294900 144
3297295 145
3297485 146
3297500 147
3297525 148
3298775 149
3298780 150
3298790 151
3300065 152
3301170 153
3301290 154
3301310 155
3301315 156
3301325 157
3301330 158
3302470 159
3302475 160
3302480 161
3302490 162
3302545 163
3302570 164
3302595 165
3302605 166
3303850 167
3303870 168
3303915 169
3303920 170
3303925 171
3304995 172
3306370 173
3307600 174
3307615 175
3307620 176
3307630 177
3307635 178
3307675 179
3307700 180
3307705 181
3307710 182
3307715 183
3307735 184
3308975 185
3311395 186
3313985 187
3316630 188
3316635 189
3316640 190
3316645 191
3316695 192
3319100 193
3319110 194
3319120 195
3321615 196
3321825 197
3324240 198
3325525 199
3325545 200
3326760 201
3326840 202
3326870 203
3326875 204
3328015 205
3330570 206
3330665 207
3330680 208
3330755 209
3330760 210
3331930 211
3331945 212
3331950 213
3332005 214
3333175 215
3333290 216
3333305 217
3334545 218
3334560 219
3334575 220
3334585 221
3334595 222
3334600 223
3334620 224
3336985 225
3338330 226
3339625 227
3339695 228
3339700 229
3474813 230
3474873 231
3477278 232
3477293 233
3477303 234
3478538 235
3479883 236
3479983 237
3481328 238
3488928 239
3491403 240
3492753 241
3492773 242
3495268 243
3496653 244
3497763 245
3500388 246
3501768 247
3502908 248
3502918 249
3502973 250
3503018 251
3504168 252
3504173 253
3504218 254
3504253 255
3504258 256
3504288 257
3504308 258
3504338 259
3505423 260
3505433 261
3505508 262
3506748 263
3506758 264
3506793 265
3506858 266
3510613 267
3510643 268
3510648 269
3511823 270
3513293 271
3515853 272
3517038 273
3517153 274
3518393 275
3518403 276
3518438 277
3519538 278
3519563 279
3519608 280
3519613 281
3519638 282
3519643 283
3519648 284
3519653 285
3519713 286
3522128 287
3522203 288
3522208 289
3523468 290
3526123 291
3527253 292
3527268 293
3527298 294
3527308 295
3527333 296
3528453 297
3529798 298
3529818 299
3529843 300
3529903 301
3529973 302
3531013 303
3531033 304
3531053 305
3531073 306
3531108 307
3531148 308
3531183 309
3531228 310
3531243 311
3533618 312
3533698 313
3533713 314
3533718 315
3533738 316
3533803 317
3671501 318
3672671 319
3675261 320
3677806 321
3677831 322
3677836 323
3677846 324
3677876 325
3677921 326
3677926 327
3677936 328
3677941 329
3678981 330
3678996 331
3679001 332
3679006 333
3679036 334
3679056 335
3679061 336
3679066 337
3679081 338
3679091 339
3679096 340
3679101 341
3679111 342
3679116 343
3679121 344
3679131 345
3679146 346
3679186 347
3679216 348
3680381 349
3680396 350
3680461 351
3680476 352
3681591 353
3681606 354
3681656 355
3681666 356
3681671 357
3682856 358
3682891 359
3682896 360
3682911 361
3682916 362
3682936 363
3682971 364
3683016 365
3683021 366
3683031 367
3683041 368
3683046 369
3683051 370
3683056 371
3683061 372
3684121 373
3684136 374
3684331 375
3685471 376
3685486 377
3685506 378
3685541 379
3685551 380
3685556 381
3685571 382
3685601 383
3685616 384
3686716 385
3686721 386
3686726 387
3686736 388
3686741 389
3686751 390
3686786 391
3686821 392
3688101 393
3688141 394
3688176 395
3689311 396
3689321 397
3689341 398
3689366 399
3689436 400
3690676 401
3690706 402
3691806 403
3691831 404
3691846 405
3691871 406
3691901 407
3691906 408
3691911 409
3691916 410
3691921 411
3693191 412
3693231 413
3693291 414
3693301 415
3694351 416
3694376 417
3694396 418
3694526 419
3694556 420
3694571 421
3695811 422
3704806 423
3705926 424
3707236 425
3707256 426
3709721 427
3709751 428
3709791 429
3709796 430
3709801 431
3709861 432
3709881 433
3709906 434
3709916 435
3712281 436
3712301 437
3712306 438
3712316 439
3713601 440
3713611 441
3713701 442
3713711 443
3713716 444
3714936 445
3725081 446
3725091 447
3727651 448
3727656 449
3727681 450
3694917 451